this is the protocol captured between the processor and the oid sensor

00001011101 0000000000000000000000000000000000 1000 0001 0010 0110 1100

10111100

10000000000111101

11000000

10000000001000001

00010001 11 0000000000000000000000000000000000 1000 0001 0010 0110 1100
00010001 11 0000000000000000000000000000000000 1000 0001 0010 0110 1100
00010001 11 0000000000000000000000000000000000 1000 0001 0010 0110 1100

00010100 11 0000000000000000000000000000000000 1000 0001 0010 0110 1100
00010100 11 0000000000000000000000000000000000 1000 0001 0010 0110 1100
00010100 11 0000000000000000000000000000000000 1000 0001 0010 0110 1100
00010100 11 0000000000000000000000000000000000 1000 0001 0010 0110 1100

01110100 11 0000000000000000000000000000000000 0000 0000 0000 0000 0000
01110100 11 0000000000000000000000000000000000 0000 0000 0000 0000 0000
01110100 11 0000000000000000000000000000000000 0000 0000 0000 0000 0000
01110100 11 0000000000000000000000000000000000 0000 0000 0000 0000 0000
01110100 11 0000000000000000000000000000000000 0000 0000 0000 0000 0000
01110100 11 0000000000000000000000000000000000 0000 0000 0000 0000 0000

00000000 11 0000000000000000000000000000000000 1000 0001 0100 1101 0011 this is the oid

00010100 11 0000000000000000000000000000000000 1000 0001 0010 0110 1100
00010100 11 0000000000000000000000000000000000 1000 0001 0010 0110 1100
00010100 11 0000000000000000000000000000000000 1000 0001 0010 0110 1100
00010100 11 0000000000000000000000000000000000 1000 0001 0010 0110 1100
00010100 11 0000000000000000000000000000000000 1000 0001 0010 0110 1100
00010100 11 0000000000000000000000000000000000 1000 0001 0010 0110 1100
00010100 11 0000000000000000000000000000000000 1000 0001 0010 0110 1100

00000000 11 0000000000000000000000000000000000 1000 0001 0100 1101 0011 this is also the oid
